0.025 0.0 
0.07500000000000001 0.0 
0.125 0.0 
0.17500000000000002 0.0 
0.225 0.0 
0.275 0.0 
0.325 0.0 
0.375 0.0 
0.42500000000000004 0.0 
0.47500000000000003 0.0 
0.525 0.0 
0.5750000000000001 0.0 
0.625 0.0 
0.675 0.0 
0.7250000000000001 0.0 
0.775 0.0 
0.8250000000000001 0.0 
0.875 0.0 
0.925 0.0 
0.9750000000000001 0.0 
1.0250000000000001 0.0 
1.075 0.0 
1.125 0.0 
1.175 0.0 
1.225 0.0 
1.2750000000000001 0.0 
1.3250000000000002 0.0 
1.375 0.0 
1.425 0.0 
1.475 0.0 
1.5250000000000001 0.0 
1.5750000000000002 0.0 
1.625 0.0 
1.675 0.0 
1.725 0.0 
1.7750000000000001 0.0 
1.8250000000000002 0.0 
1.875 0.0 
1.925 0.0 
1.975 0.0 
2.025 0.0 
2.075 0.0 
2.125 0.0 
2.1750000000000003 0.0 
2.225 0.00752141847074395 
2.275 0.01311929651543638 
2.325 0.01215591739171282 
2.375 0.012814445225593865 
2.4250000000000003 0.06890678608571865 
2.475 0.24064620917238894 
2.5250000000000004 0.654466108171833 
2.575 1.3035212221090857 
2.625 2.0255042486269903 
2.6750000000000003 2.500869194133742 
2.725 2.6529973907294564 
2.7750000000000004 2.5633776658872947 
2.825 2.255521819757264 
2.875 1.873535414755179 
2.9250000000000003 1.4846358042275971 
2.975 1.120107032857214 
3.0250000000000004 0.8318083978907573 
3.075 0.6041390599602532 
3.125 0.4216748297797608 
3.1750000000000003 0.3448336422873559 
3.225 0.25840776679030253 
3.2750000000000004 0.22341658797639377 
3.325 0.2034736134651934 
3.375 0.1932589882230888 
3.4250000000000003 0.17589406082043846 
3.475 0.17177581028610567 
3.5250000000000004 0.17874815511081546 
3.575 0.20377543097677975 
3.625 0.22602991392135188 
3.6750000000000003 0.23484229345719215 
3.725 0.25052264553180104 
3.7750000000000004 0.28543076403897344 
3.825 0.3160445513649135 
3.875 0.33171885553577235 
3.9250000000000003 0.3672555336147113 
3.975 0.41019853994901545 
4.025 0.45212451071686804 
4.075 0.4858141737844767 
4.125 0.5325512826756007 
4.175 0.5727766534957629 
4.2250000000000005 0.6034748375244582 
4.275 0.6135318004931892 
4.325 0.6689848777917657 
4.375 0.6741512098671038 
4.425 0.7079996810993033 
4.4750000000000005 0.7501291122732713 
4.525 0.7470154659643433 
4.575 0.7645788593289569 
4.625 0.7812122562361513 
4.675 0.8340449910282774 
4.7250000000000005 0.8886971251231967 
4.775 0.9512646083364423 
4.825 1.0123784379753724 
4.875 1.071903785869251 
4.925000000000001 1.108496785851649 
4.9750000000000005 1.1334976665495018 
5.025 1.1263203443036287 
5.075 1.1171633274800012 
5.125 1.0485203616200476 
5.175000000000001 1.0113446262607397 
5.2250000000000005 0.9705790530858199 
5.275 0.9126710055363207 
5.325 0.8952259962139605 
5.375 0.8702324803003001 
5.425000000000001 0.8657270181012605 
5.4750000000000005 0.8532021833677894 
5.525 0.8455792991714549 
5.575 0.8428837136102667 
5.625 0.8587722309158965 
5.675000000000001 0.8575811783902754 
5.7250000000000005 0.8623153002780348 
5.775 0.8814695686158289 
5.825 0.8986153783359934 
5.875 0.8976638289336679 
5.925000000000001 0.9197024302781024 
5.9750000000000005 0.9457277626215167 
6.025 0.9552584568891812 
6.075 0.9510537391613828 
6.125 0.9883130583414332 
6.175000000000001 1.0059782454663801 
6.2250000000000005 1.0296772287068328 
6.275 1.0526630249091726 
6.325 1.0712372554619152 
6.375 1.080639678351921 
6.425000000000001 1.1120128219091285 
6.4750000000000005 1.1044661668273106 
6.525 1.1297400858340474 
6.575 1.1295969908698362 
6.625 1.137214694834346 
6.675000000000001 1.1594724851408467 
6.7250000000000005 1.1692726863392904 
6.775 1.1699731470345804 
6.825 1.152658431385616 
6.875 1.1688568850056749 
6.925000000000001 1.169213253978691 
6.9750000000000005 1.160389598854864 
7.025 1.1528074176083107 
7.075 1.1451916267175024 
7.125 1.1532516383049252 
7.175000000000001 1.1306820550554793 
7.2250000000000005 1.1236468491999978 
7.275 1.1073027734782248 
7.325 1.1166910502785192 
7.375 1.108124929281928 
7.425000000000001 1.0889202642912323 
7.4750000000000005 1.0779689005027802 
7.525 1.0674822618108553 
7.575 1.0756154656530927 
7.625 1.0517976300832759 
7.675000000000001 1.0528262919000841 
7.7250000000000005 1.062366064628058 
7.775 1.053239299936236 
7.825 1.0521999821250212 
7.875 1.0479232159558198 
7.925000000000001 1.0542377623435306 
7.9750000000000005 1.0511509570625397 
8.025 1.052208508261589 
8.075000000000001 1.0494977593445192 
8.125 1.0499591514587323 
8.175 1.0546571665066657 
8.225 1.0468598812664822 
8.275 1.0555834931731112 
8.325000000000001 1.0500215046092856 
8.375 1.0604747194196735 
8.425 1.0549916818839573 
8.475 1.060877994341356 
8.525 1.053774796400269 
8.575000000000001 1.048313690212956 
8.625 1.0607221733517598 
8.675 1.056854538968591 
8.725 1.052660352200655 
8.775 1.058591481453812 
8.825000000000001 1.052058323972966 
8.875 1.0615673614154497 
8.925 1.0660406024754152 
8.975 1.060966917254119 
9.025 1.0651372021998082 
9.075000000000001 1.0721037012705823 
9.125 1.0548887893903782 
9.175 1.0622355539918966 
9.225 1.0614080745007022 
9.275 1.0483655979861621 
9.325000000000001 1.040125674538296 
9.375 1.0483005146902311 
9.425 1.0551095109434387 
9.475 1.0432956309363677 
9.525 1.04463600960235 
9.575000000000001 1.0414476733818125 
9.625 1.0395694722716742 
9.675 1.0375339638408463 
9.725000000000001 1.0371528094416167 
9.775 1.0414704559153818 
9.825000000000001 1.0467359055636303 
9.875 1.0298060783185636 
9.925 1.0240437783503777 
9.975000000000001 1.0209152394984848 
10.025 1.0132855130093457 
